"safe","gain","loss","gamble","win","trial_type","money","rt","response","left","EV"
"6.0","10.0","0.0","1.0","0.0","102","150.0","1677.0","a","1.0","-1.0"
"0.0","18.0","-6.0","1.0","0.0","101","150.0","1170.0","a","1.0","6.0"
"0.0","10.0","-2.0","1.0","0.0","101","144.0","1071.0","a","1.0","4.0"
"0.0","11.0","-6.0","0.0","0.0","101","142.0","1229.0","l","1.0","2.5"
"6.0","8.0","0.0","0.0","0.0","102","142.0","1684.0","a","0.0","-2.0"
"5.0","10.0","0.0","0.0","0.0","102","148.0","829.0","a","0.0","0.0"
"0.0","12.0","-8.0","0.0","1.0","101","153.0","1378.0","l","1.0","2.0"
"3.0","12.0","0.0","0.0","0.0","102","153.0","766.0","a","0.0","3.0"
"6.0","6.0","0.0","0.0","0.0","102","156.0","1599.0","l","1.0","-3.0"
"4.0","10.0","0.0","0.0","0.0","102","162.0","1281.0","l","1.0","1.0"
"3.0","14.0","0.0","1.0","0.0","102","166.0","1366.0","l","0.0","4.0"
"0.0","16.0","-2.0","1.0","1.0","101","166.0","1303.0","a","1.0","7.0"
"0.0","18.0","-8.0","0.0","0.0","101","182.0","1416.0","a","0.0","5.0"
"0.0","18.0","-2.0","1.0","0.0","101","182.0","987.0","l","0.0","8.0"
"0.0","12.0","-3.0","1.0","0.0","101","180.0","1350.0","l","0.0","4.5"
"0.0","11.0","-5.0","0.0","0.0","101","177.0","1250.0","l","1.0","3.0"
"5.0","10.0","0.0","0.0","0.0","102","177.0","1186.0","a","0.0","0.0"
"0.0","16.0","-4.0","1.0","1.0","101","182.0","2442.0","a","1.0","6.0"
"0.0","10.0","-6.0","0.0","1.0","101","198.0","1742.0","a","0.0","2.0"
"0.0","11.0","-4.0","0.0","0.0","101","198.0","2132.0","l","1.0","3.5"
"0.0","12.0","-6.0","0.0","1.0","101","198.0","1194.0","a","0.0","3.0"
"4.0","6.0","0.0","0.0","0.0","102","198.0","812.0","l","1.0","-1.0"
"7.0","12.0","0.0","0.0","1.0","102","202.0","624.0","a","0.0","-1.0"
"0.0","18.0","-10.0","0.0","1.0","101","209.0","1601.0","l","1.0","4.0"
"0.0","13.0","-4.0","0.0","0.0","101","209.0","1055.0","a","0.0","4.5"
"0.0","16.0","-5.0","0.0","1.0","101","209.0","1297.0","l","1.0","5.5"
"0.0","11.0","-8.0","0.0","0.0","101","209.0","1172.0","a","0.0","1.5"
"7.0","14.0","0.0","0.0","0.0","102","209.0","1015.0","l","1.0","0.0"
"0.0","11.0","-10.0","0.0","1.0","101","216.0","1271.0","l","1.0","0.5"
"5.0","14.0","0.0","0.0","0.0","102","216.0","1538.0","l","1.0","2.0"
"3.0","12.0","0.0","1.0","0.0","102","221.0","1035.0","l","0.0","3.0"
"0.0","10.0","-3.0","0.0","0.0","101","221.0","857.0","a","0.0","3.5"
"0.0","14.0","-5.0","0.0","1.0","101","221.0","1486.0","l","1.0","4.5"
"0.0","18.0","-4.0","0.0","0.0","101","221.0","854.0","l","1.0","7.0"
"0.0","11.0","-2.0","1.0","1.0","101","221.0","1138.0","a","1.0","4.5"
"7.0","8.0","0.0","0.0","1.0","102","232.0","1402.0","l","1.0","-3.0"
"0.0","16.0","-8.0","0.0","0.0","101","239.0","891.0","a","0.0","4.0"
"0.0","14.0","-10.0","0.0","0.0","101","239.0","1172.0","a","0.0","2.0"
"0.0","14.0","-10.0","0.0","1.0","101","239.0","1580.0","l","1.0","2.0"
"0.0","14.0","-4.0","1.0","1.0","101","239.0","1682.0","l","0.0","5.0"
"0.0","12.0","-5.0","0.0","1.0","101","253.0","1176.0","a","0.0","3.5"
"4.0","8.0","0.0","0.0","0.0","102","253.0","1422.0","l","1.0","0.0"
"0.0","10.0","-4.0","0.0","0.0","101","257.0","1392.0","a","0.0","3.0"
"0.0","13.0","-2.0","1.0","0.0","101","257.0","1263.0","a","1.0","5.5"
"0.0","14.0","-3.0","0.0","0.0","101","255.0","1042.0","l","1.0","5.5"
"0.0","18.0","-3.0","1.0","0.0","101","255.0","1124.0","a","1.0","7.5"
"0.0","14.0","-8.0","0.0","0.0","101","252.0","1024.0","a","0.0","3.0"
"0.0","13.0","-8.0","0.0","0.0","101","252.0","802.0","a","0.0","2.5"
"0.0","11.0","-5.0","0.0","0.0","101","252.0","880.0","a","0.0","3.0"
"0.0","18.0","-6.0","0.0","0.0","101","252.0","791.0","l","1.0","6.0"
"0.0","14.0","-5.0","0.0","1.0","101","252.0","2399.0","l","1.0","4.5"
"0.0","11.0","-3.0","0.0","0.0","101","252.0","1791.0","l","1.0","4.0"
"5.0","12.0","0.0","0.0","1.0","102","252.0","1091.0","l","1.0","1.0"
"5.0","6.0","0.0","0.0","0.0","102","257.0","1193.0","l","1.0","-2.0"
"0.0","16.0","-5.0","0.0","0.0","101","262.0","1384.0","l","1.0","5.5"
"0.0","18.0","-5.0","0.0","0.0","101","262.0","968.0","l","1.0","6.5"
"4.0","8.0","0.0","0.0","1.0","102","262.0","1470.0","l","1.0","0.0"
"0.0","13.0","-2.0","1.0","1.0","101","266.0","2071.0","a","1.0","5.5"
"0.0","10.0","-2.0","1.0","0.0","101","279.0","1556.0","l","0.0","4.0"
"4.0","10.0","0.0","0.0","1.0","102","277.0","1335.0","a","0.0","1.0"
"0.0","18.0","-10.0","0.0","0.0","101","281.0","1936.0","a","0.0","4.0"
"5.0","6.0","0.0","0.0","0.0","102","281.0","869.0","a","0.0","-2.0"
"0.0","16.0","-6.0","0.0","1.0","101","286.0","1039.0","a","0.0","5.0"
"6.0","12.0","0.0","0.0","0.0","102","286.0","1275.0","a","0.0","0.0"
"0.0","10.0","-10.0","0.0","1.0","101","292.0","1443.0","a","0.0","0.0"
"4.0","12.0","0.0","0.0","0.0","102","292.0","1348.0","l","1.0","2.0"
"0.0","13.0","-8.0","0.0","0.0","101","296.0","956.0","l","1.0","2.5"
"0.0","13.0","-10.0","0.0","1.0","101","296.0","829.0","l","1.0","1.5"
"0.0","11.0","-6.0","0.0","1.0","101","296.0","1045.0","l","1.0","2.5"
"0.0","11.0","-8.0","0.0","1.0","101","296.0","970.0","l","1.0","1.5"
"0.0","13.0","-3.0","1.0","1.0","101","296.0","1705.0","a","1.0","5.0"
"0.0","13.0","-5.0","0.0","1.0","101","309.0","1066.0","a","0.0","4.0"
"7.0","8.0","0.0","0.0","0.0","102","309.0","903.0","l","1.0","-3.0"
"0.0","13.0","-10.0","0.0","0.0","101","316.0","919.0","l","1.0","1.5"
"4.0","6.0","0.0","0.0","0.0","102","316.0","868.0","a","0.0","-1.0"
"0.0","14.0","-6.0","0.0","1.0","101","320.0","1404.0","a","0.0","4.0"
"0.0","18.0","-3.0","1.0","1.0","101","320.0","1176.0","l","0.0","7.5"
"0.0","14.0","-2.0","1.0","0.0","101","338.0","964.0","l","0.0","6.0"
"0.0","13.0","-3.0","1.0","1.0","101","336.0","853.0","l","0.0","5.0"
"0.0","16.0","-4.0","0.0","0.0","101","349.0","1706.0","l","1.0","6.0"
"0.0","16.0","-3.0","0.0","0.0","101","349.0","1468.0","a","0.0","6.5"
"0.0","12.0","-2.0","1.0","0.0","101","349.0","1021.0","l","0.0","5.0"
"0.0","10.0","-10.0","0.0","1.0","101","347.0","888.0","a","0.0","0.0"
"0.0","13.0","-5.0","0.0","0.0","101","347.0","1052.0","a","0.0","4.0"
"7.0","6.0","0.0","0.0","0.0","102","347.0","873.0","l","1.0","-4.0"
"6.0","12.0","0.0","0.0","0.0","102","354.0","1419.0","a","0.0","0.0"
"0.0","16.0","-8.0","0.0","0.0","101","360.0","1028.0","a","0.0","4.0"
"3.0","10.0","0.0","0.0","0.0","102","360.0","778.0","l","1.0","2.0"
"0.0","16.0","-2.0","1.0","0.0","101","363.0","1293.0","l","0.0","7.0"
"0.0","11.0","-3.0","1.0","1.0","101","361.0","2133.0","l","0.0","4.0"
"0.0","10.0","-6.0","0.0","0.0","101","372.0","1582.0","l","1.0","2.0"
"0.0","18.0","-5.0","0.0","0.0","101","372.0","1363.0","a","0.0","6.5"
"6.0","14.0","0.0","0.0","0.0","102","372.0","1309.0","a","0.0","1.0"
"0.0","10.0","-5.0","0.0","0.0","101","378.0","1201.0","l","1.0","2.5"
"7.0","12.0","0.0","0.0","1.0","102","378.0","749.0","l","1.0","-1.0"
"3.0","6.0","0.0","0.0","1.0","102","385.0","904.0","a","0.0","0.0"
"0.0","12.0","-10.0","0.0","0.0","101","388.0","931.0","a","0.0","1.0"
"0.0","13.0","-6.0","0.0","0.0","101","388.0","1457.0","a","0.0","3.5"
"0.0","18.0","-4.0","0.0","0.0","101","388.0","1047.0","l","1.0","7.0"
"0.0","11.0","-10.0","0.0","1.0","101","388.0","859.0","l","1.0","0.5"
"0.0","13.0","-6.0","0.0","1.0","101","388.0","1022.0","a","0.0","3.5"
"4.0","14.0","0.0","0.0","0.0","102","388.0","1007.0","a","0.0","3.0"
"6.0","14.0","0.0","0.0","0.0","102","392.0","932.0","a","0.0","1.0"
"0.0","10.0","-8.0","0.0","0.0","101","398.0","753.0","a","0.0","1.0"
"0.0","12.0","-3.0","1.0","0.0","101","398.0","1470.0","l","0.0","4.5"
"0.0","11.0","-4.0","0.0","1.0","101","395.0","880.0","l","1.0","3.5"
"0.0","12.0","-4.0","0.0","0.0","101","395.0","831.0","l","1.0","4.0"
"0.0","12.0","-8.0","0.0","1.0","101","395.0","782.0","a","0.0","2.0"
"5.0","8.0","0.0","0.0","0.0","102","395.0","766.0","l","1.0","-1.0"
"0.0","12.0","-4.0","0.0","0.0","101","400.0","960.0","l","1.0","4.0"
"0.0","11.0","-2.0","0.0","0.0","101","400.0","641.0","a","0.0","4.5"
"0.0","14.0","-8.0","0.0","0.0","101","400.0","793.0","a","0.0","3.0"
"0.0","16.0","-3.0","0.0","0.0","101","400.0","1385.0","l","1.0","6.5"
"3.0","6.0","0.0","0.0","0.0","102","400.0","677.0","l","1.0","0.0"
"0.0","13.0","-4.0","0.0","1.0","101","403.0","686.0","a","0.0","4.5"
"0.0","16.0","-10.0","0.0","1.0","101","403.0","827.0","a","0.0","3.0"
"0.0","18.0","-2.0","0.0","1.0","101","403.0","803.0","a","0.0","8.0"
"0.0","12.0","-5.0","0.0","0.0","101","403.0","1285.0","l","1.0","3.5"
"0.0","16.0","-6.0","0.0","0.0","101","403.0","893.0","a","0.0","5.0"
"0.0","14.0","-3.0","0.0","0.0","101","403.0","1310.0","l","1.0","5.5"
"4.0","12.0","0.0","0.0","0.0","102","403.0","774.0","a","0.0","2.0"
"0.0","18.0","-8.0","0.0","1.0","101","407.0","1905.0","l","1.0","5.0"
"0.0","14.0","-4.0","0.0","0.0","101","407.0","899.0","a","0.0","5.0"
"0.0","10.0","-5.0","0.0","1.0","101","407.0","908.0","l","1.0","2.5"
"4.0","14.0","0.0","0.0","1.0","102","407.0","2313.0","a","0.0","3.0"
"3.0","8.0","0.0","0.0","0.0","102","411.0","813.0","l","1.0","1.0"
"0.0","14.0","-6.0","0.0","1.0","101","414.0","933.0","a","0.0","4.0"
"5.0","14.0","0.0","0.0","0.0","102","414.0","688.0","l","1.0","2.0"
"0.0","10.0","-8.0","0.0","1.0","101","419.0","1048.0","l","1.0","1.0"
"3.0","14.0","0.0","0.0","0.0","102","419.0","827.0","l","1.0","4.0"
"3.0","8.0","0.0","0.0","0.0","102","422.0","788.0","l","1.0","1.0"
"0.0","12.0","-6.0","0.0","1.0","101","425.0","901.0","a","0.0","3.0"
"0.0","10.0","-4.0","0.0","1.0","101","425.0","1068.0","l","1.0","3.0"
"5.0","8.0","0.0","0.0","1.0","102","425.0","947.0","a","0.0","-1.0"
"0.0","10.0","-3.0","0.0","0.0","101","430.0","832.0","a","0.0","3.5"
"7.0","6.0","0.0","0.0","0.0","102","430.0","761.0","l","1.0","-4.0"
"7.0","10.0","0.0","0.0","1.0","102","437.0","954.0","a","0.0","-2.0"
"5.0","12.0","0.0","0.0","1.0","102","444.0","881.0","l","1.0","1.0"
"0.0","12.0","-10.0","0.0","0.0","101","449.0","753.0","a","0.0","1.0"
"0.0","12.0","-2.0","1.0","1.0","101","449.0","1319.0","l","0.0","5.0"
"6.0","8.0","0.0","0.0","0.0","102","461.0","828.0","l","1.0","-2.0"
"6.0","6.0","0.0","0.0","1.0","102","467.0","766.0","l","1.0","-3.0"
"6.0","10.0","0.0","0.0","1.0","102","473.0","857.0","a","0.0","-1.0"
"7.0","14.0","0.0","0.0","0.0","102","479.0","757.0","a","0.0","0.0"
"0.0","16.0","-10.0","0.0","0.0","101","486.0","807.0","l","1.0","3.0"
"3.0","10.0","0.0","0.0","0.0","102","486.0","630.0","l","1.0","2.0"
"7.0","10.0","0.0","0.0","0.0","102","489.0","723.0","a","0.0","-2.0"
"0.0","14.0","-2.0","1.0","0.0","101","496.0","980.0","l","0.0","6.0"
